



Hyper - Parameters:
Batch-Size: 16
Learning Rate: 0.0001
Finished Training at epoch 23!
Elapsed Time: (927.2163722515106,) seconds.
Accuracy of the network: 91.2297824874512 %
Training Loss:[2801.140625,992.7249755859375,459.8190612792969,192.59451293945312,77.94320678710938,36.34910583496094,21.328100204467773,17.772930145263672,16.515478134155273,10.562723159790039,14.021707534790039,3.216247797012329,10.257768630981445,2.935077667236328,11.624985694885254,0.6776798367500305,0.3266409933567047,16.42540740966797,0.6085280776023865,8.769950866699219,0.3055839240550995,0.18427829444408417,12.950875282287598,]
Validation Loss:[0.07440673559904099,0.0491751953959465,0.03669135272502899,0.0294385626912117,0.029373077675700188,0.02807314321398735,0.026801064610481262,0.025494398549199104,0.024659784510731697,0.03532571345567703,0.026201903820037842,0.025658247992396355,0.028728075325489044,0.024653831496834755,0.022998256608843803,0.024309895932674408,0.025382792577147484,0.021219147369265556,0.02931501343846321,0.021849073469638824,0.024445902556180954,0.025406697764992714,0.023785483092069626,]

Training Accuracy:[70.46825043506415,87.09781860860416,94.43927313934194,98.47424015540896,99.5871949492088,99.13391881500668,99.99190578331782,100.0,100.0,98.52280545550204,99.7935974746044,100.0,98.61588894734712,100.0,100.0,100.0,100.0,100.0,99.7045610911004,100.0,100.0,100.0,100.0,]
Validation Accuracy:[70.8667152221413,86.34377276037873,93.80917698470502,98.68900218499635,99.34450109249818,99.2352512745812,99.96358339402768,100.0,100.0,98.47050254916242,99.74508375819373,100.0,98.36125273124544,100.0,100.0,100.0,100.0,100.0,99.56300072833211,100.0,100.0,100.0,100.0,]
Hyper - Parameters:
Batch-Size: 32
Learning Rate: 0.0001
Finished Training at epoch 27!
Elapsed Time: (604.0563044548035,) seconds.
Accuracy of the network: 92.17791411042944 %
Training Loss:[1633.3763427734375,663.579345703125,387.2669372558594,232.62359619140625,135.36463928222656,76.4061508178711,41.4911994934082,24.45895004272461,14.45473575592041,10.524641036987305,14.416463851928711,3.2362523078918457,5.313610076904297,10.806556701660156,1.4682471752166748,0.9301592707633972,4.043434143066406,5.973110198974609,0.5917805433273315,0.40838122367858887,0.32763126492500305,8.262880325317383,0.7987412810325623,0.3307115435600281,0.23291370272636414,0.2112428843975067,9.017112731933594,]
Validation Loss:[0.04188890755176544,0.02792019583284855,0.021402962505817413,0.017334355041384697,0.014653533697128296,0.013781186193227768,0.013824191875755787,0.013138680718839169,0.01313315611332655,0.014067893847823143,0.013283836655318737,0.012310722842812538,0.012699505314230919,0.011845768429338932,0.012099380604922771,0.012035376392304897,0.018815677613019943,0.011010594666004181,0.01206052117049694,0.012275324203073978,0.012444877065718174,0.010443088598549366,0.01090786699205637,0.011858579702675343,0.012272909283638,0.012057051993906498,0.011109878309071064,]

Training Accuracy:[64.6525557489174,82.14011089076854,88.42931725282286,93.55700352098425,97.21154235298879,99.02059978145616,99.2512849568983,99.47792302399935,99.94738759156583,99.97571734995346,99.87049253308511,99.98381156663564,99.99595289165892,99.99190578331782,100.0,99.99595289165892,96.88777368570156,100.0,100.0,100.0,100.0,99.99190578331782,100.0,100.0,100.0,100.0,99.99190578331782,]
Validation Accuracy:[65.18572469045885,81.82811361981064,87.69118718135469,93.33576110706483,96.79533867443554,98.76183539694101,98.94391842680263,99.27166788055354,99.81791697013838,99.92716678805536,99.8543335761107,99.96358339402768,100.0,100.0,100.0,99.89075018208302,96.54042243262928,100.0,99.96358339402768,100.0,100.0,99.96358339402768,100.0,100.0,100.0,100.0,99.92716678805536,]
Hyper - Parameters:
Batch-Size: 64
Learning Rate: 0.0001
Finished Training at epoch 16!
Elapsed Time: (294.5267264842987,) seconds.
Accuracy of the network: 91.99665365309536 %
Training Loss:[909.1112670898438,387.5007629394531,234.27108764648438,154.55377197265625,103.52446746826172,69.584228515625,43.28197479248047,27.03717041015625,17.58290672302246,11.713719367980957,8.040663719177246,5.878059387207031,4.213773250579834,3.4813337326049805,2.5282468795776367,1.792061448097229,]
Validation Loss:[0.023568017408251762,0.015334195457398891,0.011892197653651237,0.009621642529964447,0.008181232027709484,0.006869668141007423,0.0065642050467431545,0.0058807507157325745,0.005684087984263897,0.005575437098741531,0.005570349283516407,0.005719355307519436,0.006110022310167551,0.006056649144738913,0.0072120847180485725,0.005843433551490307,]

Training Accuracy:[62.41045772795338,77.4049941316929,83.75086001052249,90.71188635719778,93.65413412117043,96.72588935205795,98.50256991379659,99.50625278238698,99.75717349953459,99.9150107248371,99.78145614958112,99.9190578331782,99.8785867497673,99.98785867497674,99.81788012465094,100.0,]
Validation Accuracy:[63.14639475600874,77.74945375091042,82.88419519300801,90.02184996358339,93.00801165331391,96.50400582665695,98.54333576110706,99.49016751638747,99.41733430444283,99.8543335761107,99.67225054624909,99.92716678805536,99.89075018208302,100.0,99.81791697013838,99.96358339402768,]
Hyper - Parameters:
Batch-Size: 128
Learning Rate: 0.0001
Finished Training at epoch 29!
Elapsed Time: (373.18338537216187,) seconds.
Accuracy of the network: 89.77969882877858 %
Training Loss:[553.506103515625,349.6961975097656,244.9430389404297,182.3651885986328,141.92135620117188,115.177490234375,95.8302230834961,77.30847930908203,63.960906982421875,52.852474212646484,41.06578063964844,33.37750244140625,25.969078063964844,20.98499298095703,16.166763305664062,12.867239952087402,10.224018096923828,8.268646240234375,6.329073429107666,5.1779093742370605,4.199180603027344,3.9302289485931396,2.91705584526062,2.337653875350952,1.9712516069412231,1.6649216413497925,1.473584532737732,1.2844723463058472,1.052286148071289,]
Validation Loss:[0.01828022114932537,0.013309807516634464,0.01031513512134552,0.008640100248157978,0.007611952722072601,0.006598202977329493,0.005796951241791248,0.005434114020317793,0.00495307007804513,0.0042720683850348,0.003929572645574808,0.0037774669472128153,0.004056738223880529,0.003283485071733594,0.0034295236691832542,0.0037313192151486874,0.0032740477472543716,0.0032052129972726107,0.0032448929268866777,0.00301750679500401,0.003219956997781992,0.0032554897479712963,0.003121468937024474,0.002990677021443844,0.0031309281475842,0.0032535840291529894,0.003373331157490611,0.003538590157404542,0.0033158946316689253,]

Training Accuracy:[32.13404022825691,55.09733295560322,67.06463232020721,75.81043344530333,80.15298069529321,83.05071026751386,86.97640535837144,89.23064470435874,89.7082034886074,94.55663928123356,95.17179974907928,97.31272006151605,96.92824476911247,98.64421870573476,98.37710955522279,99.14201303168886,99.36865109878991,99.87049253308511,99.77740904124003,99.90286939981384,99.91096361649602,99.9595289165891,99.98381156663564,99.98785867497674,99.97571734995346,99.99190578331782,99.95548180824801,99.97571734995346,99.99190578331782,]
Validation Accuracy:[32.88419519300801,54.95265841223598,66.9701383831027,76.00145666423889,79.46103423160962,83.13911143481428,86.34377276037873,89.03860160233066,89.69410050983248,93.55426074289876,94.90167516387473,96.75892206846322,96.90458849235252,98.68900218499635,98.10633648943919,98.9075018208303,99.27166788055354,99.78150036416606,99.74508375819373,100.0,99.92716678805536,99.89075018208302,99.92716678805536,100.0,99.96358339402768,99.96358339402768,99.96358339402768,99.96358339402768,99.92716678805536,]
