


Hyper - Parameters:
Batch-Size: 16
Learning Rate: 0.0001
Finished Training at epoch 27!
Elapsed Time: (1088.1023411750793,) seconds.
Accuracy of the network: 91.87116564417178 %
Training Loss:[2402.574951171875,679.9540405273438,264.40863037109375,92.3285140991211,32.834930419921875,20.730831146240234,10.433470726013184,9.272088050842285,13.151932716369629,7.339217662811279,6.885706901550293,2.842373847961426,0.46228212118148804,8.347738265991211,0.3549509048461914,6.0609130859375,5.4088358879089355,0.3096006512641907,10.861527442932129,0.9694209098815918,0.20210707187652588,6.221279144287109,0.4582575559616089,0.17220111191272736,9.175904273986816,0.3030947148799896,0.1524689644575119,]
Validation Loss:[0.05908316373825073,0.039171215146780014,0.02791658788919449,0.022698892280459404,0.025575218722224236,0.021833211183547974,0.022439057007431984,0.022523468360304832,0.02132325805723667,0.020987750962376595,0.027877025306224823,0.02149789221584797,0.02158018760383129,0.02004197984933853,0.021049315109848976,0.034469809383153915,0.01910773664712906,0.021116767078638077,0.0260295569896698,0.020444588735699654,0.020766418427228928,0.018671715632081032,0.018813127651810646,0.019102798774838448,0.02214815653860569,0.02199261635541916,0.021589718759059906,]

Training Accuracy:[78.4491480836942,91.27038730826824,98.12214172973411,99.82597434133312,99.94738759156583,99.98785867497674,100.0,100.0,100.0,100.0,99.73289084948804,100.0,100.0,100.0,100.0,97.2034481363066,100.0,100.0,99.61957181593752,100.0,100.0,99.99595289165892,100.0,100.0,100.0,100.0,100.0,]
Validation Accuracy:[78.15003641660597,90.09468317552805,97.56008739985434,99.67225054624909,99.96358339402768,100.0,99.96358339402768,100.0,100.0,100.0,99.74508375819373,100.0,100.0,100.0,100.0,96.79533867443554,100.0,100.0,99.67225054624909,100.0,100.0,100.0,100.0,100.0,100.0,100.0,100.0,]
Hyper - Parameters:
Batch-Size: 32
Learning Rate: 0.0001
Finished Training at epoch 21!
Elapsed Time: (461.79415583610535,) seconds.
Accuracy of the network: 91.94088120468489 %
Training Loss:[1361.8199462890625,475.3054504394531,256.0539245605469,133.97518920898438,65.6491470336914,32.053932189941406,16.259992599487305,9.144750595092773,5.181971073150635,5.466783046722412,2.2655346393585205,4.84195613861084,0.8728507161140442,0.6208284497261047,5.713858127593994,1.2564125061035156,0.40199142694473267,0.2832338809967041,0.23519021272659302,6.009454250335693,0.39273324608802795,]
Validation Loss:[0.03588157892227173,0.024513594806194305,0.045276615768671036,0.014021297916769981,0.01153537817299366,0.011544293724000454,0.011070591397583485,0.011928473599255085,0.011087554506957531,0.011101273819804192,0.016203828155994415,0.010558972135186195,0.01090625673532486,0.011053402908146381,0.011086330749094486,0.010298270732164383,0.010929143987596035,0.010721667669713497,0.011344441212713718,0.01099876407533884,0.011252465657889843,]

Training Accuracy:[72.28944918855478,84.67360071229106,67.56647375450241,97.85098547088106,99.4131692905419,99.68027844105387,99.93119915820147,99.97571734995346,99.99595289165892,100.0,99.5386296491157,99.99595289165892,100.0,100.0,99.82192723299202,100.0,100.0,100.0,100.0,99.99595289165892,100.0,]
Validation Accuracy:[70.75746540422432,84.08594319009468,66.05972323379461,97.523670793882,99.30808448652586,99.49016751638747,99.92716678805536,100.0,100.0,99.96358339402768,99.5265841223598,99.96358339402768,100.0,100.0,99.89075018208302,100.0,100.0,100.0,100.0,100.0,100.0,]
Hyper - Parameters:
Batch-Size: 64
Learning Rate: 0.0001
Finished Training at epoch 15!
Elapsed Time: (279.40182638168335,) seconds.
Accuracy of the network: 89.20803123257112 %
Training Loss:[909.3051147460938,405.23388671875,243.0348663330078,162.69705200195312,110.41803741455078,72.99498748779297,47.21879577636719,31.306020736694336,19.58479881286621,12.987403869628906,8.612820625305176,6.0994791984558105,4.431746006011963,3.0813839435577393,2.2658865451812744,]
Validation Loss:[0.02895522303879261,0.022458668798208237,0.01329296175390482,0.018253745511174202,0.013324839062988758,0.009734668768942356,0.013272760435938835,0.007233462296426296,0.01160834264010191,0.006339226383715868,0.007009438704699278,0.006601374596357346,0.007023499812930822,0.006873552221804857,0.007631637156009674,]

Training Accuracy:[40.45084786919746,58.78829576267756,81.20927597231778,73.4428750657655,84.84357926261686,94.0790804969849,85.94439273139342,98.26379052167226,89.23469181269982,99.80573879962766,99.94334048322473,99.97167024161237,99.96762313327127,99.99190578331782,99.99190578331782,]
Validation Accuracy:[40.85943190094683,58.04806991988347,80.26219956300073,72.17771303714494,84.23160961398398,93.15367807720321,84.85069191551348,98.03350327749453,88.6380189366351,99.89075018208302,99.89075018208302,100.0,99.96358339402768,100.0,100.0,]
Hyper - Parameters:
Batch-Size: 128
Learning Rate: 0.0001
Finished Training at epoch 20!
Elapsed Time: (295.43614530563354,) seconds.
Accuracy of the network: 89.0686001115449 %
Training Loss:[507.9087829589844,297.8113708496094,203.78726196289062,150.48683166503906,117.42086029052734,93.47679901123047,74.56195831298828,58.033416748046875,45.11870574951172,35.613739013671875,26.584287643432617,20.248769760131836,14.589744567871094,11.067544937133789,8.30505657196045,6.389795303344727,5.35060977935791,3.836045980453491,3.0952348709106445,2.49383282661438,]
Validation Loss:[0.019985811784863472,0.02285928651690483,0.024376394227147102,0.01911439374089241,0.009385276585817337,0.010540315881371498,0.006593469530344009,0.006223708391189575,0.013717291876673698,0.006480873096734285,0.009479522705078125,0.004508570767939091,0.0037547124084085226,0.0037945217918604612,0.0034327006433159113,0.006442373618483543,0.003576306626200676,0.0036712433211505413,0.003561787772923708,0.003564370097592473,]

Training Accuracy:[20.336719413978713,29.576267756687848,33.145817313529484,35.1005706422761,72.69416002266381,65.67647415921324,82.66623497511029,84.73430733740743,63.51936541341212,89.39657614634343,75.92375247885386,94.68209963980736,99.44959326561172,98.72920798089766,99.84620988303857,91.9138775345016,99.93524626654255,99.89477518313166,99.9595289165891,99.98381156663564,]
Validation Accuracy:[20.17479970866715,29.461034231609613,32.0830298616169,35.069191551347416,70.64821558630736,62.67297887836854,81.57319737800437,83.06627822286963,62.527312454479244,88.09176984705026,74.39912600145666,93.48142753095412,99.70866715222141,98.47050254916242,99.92716678805536,91.33284777858704,99.92716678805536,99.92716678805536,99.96358339402768,100.0,]
