


Hyper - Parameters:
Batch-Size: 16
Learning Rate: 0.01
Finished Training at epoch 12!
Elapsed Time: (453.7150115966797,) seconds.
Accuracy of the network: 88.65030674846626 %
Training Loss:[4906.56201171875,3781.35009765625,2115.096923828125,929.2163696289062,332.5244445800781,107.62954711914062,44.26033401489258,17.304370880126953,11.62736701965332,19.134950637817383,4.9567790031433105,3.8575661182403564,]
Validation Loss:[0.1962713748216629,0.1502450406551361,0.0887540802359581,0.05147267505526543,0.0352511927485466,0.030505754053592682,0.027909649536013603,0.030206067487597466,0.2942753732204437,0.029436327517032623,0.03222544491291046,0.03129908815026283,]

Training Accuracy:[12.49747055728682,25.229673398356873,60.58116475778056,85.51135213889675,96.58828766846088,98.05334088793558,99.9190578331782,100.0,63.03371241248128,100.0,100.0,100.0,]
Validation Accuracy:[12.81864530225783,25.054624908958484,60.160233066278224,85.8339402767662,96.39475600873999,98.06991988346687,99.89075018208302,99.96358339402768,62.563729060451564,100.0,100.0,100.0,]
Hyper - Parameters:
Batch-Size: 32
Learning Rate: 0.01
Finished Training at epoch 16!
Elapsed Time: (464.96682715415955,) seconds.
Accuracy of the network: 88.70607919687674 %
Training Loss:[2466.205322265625,2387.817626953125,1871.775390625,1375.078369140625,986.3959350585938,648.767822265625,398.225830078125,224.83889770507812,119.98478698730469,65.00602722167969,36.958866119384766,21.477766036987305,13.110254287719727,15.126370429992676,6.902260780334473,5.253066539764404,]
Validation Loss:[0.10013574361801147,0.09561733901500702,0.09310532361268997,0.06393077224493027,0.0427289754152298,0.04909262806177139,0.030264707282185555,0.027891168370842934,0.04081524536013603,0.014855905435979366,0.014579901471734047,0.014823781326413155,0.015607806853950024,0.015102403238415718,0.014807024970650673,0.015153142623603344,]

Training Accuracy:[6.68177587114007,8.63248209154559,18.33340078513902,39.208385608482736,61.36225666761099,60.301914282245335,80.09632117851795,86.69715488283622,80.31891213727792,99.61957181593752,99.90286939981384,99.76526771621677,99.9595289165891,100.0,99.99595289165892,99.99595289165892,]
Validation Accuracy:[7.319737800436999,9.723233794610342,18.31755280407866,38.7836853605244,60.30589949016752,61.07064821558631,81.4639475600874,86.56227239621268,80.48069919883467,99.63583394027677,99.89075018208302,99.81791697013838,99.96358339402768,100.0,100.0,100.0,]
Hyper - Parameters:
Batch-Size: 64
Learning Rate: 0.01
Finished Training at epoch 30!
Elapsed Time: (537.882559299469,) seconds.
Accuracy of the network: 86.26603457891801 %
Training Loss:[1241.11865234375,1231.9891357421875,1223.7158203125,1208.885498046875,1108.7281494140625,937.3363647460938,798.343017578125,693.469482421875,599.2951049804688,507.5105285644531,425.55242919921875,349.8922119140625,281.37933349609375,217.07272338867188,171.13551330566406,127.40970611572266,96.70704650878906,71.13636779785156,53.118797302246094,40.856082916259766,28.270732879638672,21.255714416503906,16.880645751953125,14.994441032409668,9.06137752532959,7.328461170196533,6.009805202484131,4.922241687774658,4.232753276824951,3.7000412940979004,]
Validation Loss:[0.050555527210235596,0.05036293342709541,0.05008656159043312,0.04919126257300377,0.04979254677891731,0.045182667672634125,0.047923509031534195,0.039635393768548965,0.0635138675570488,0.028247538954019547,0.03624986857175827,0.05476418137550354,0.03721782565116882,0.04630156606435776,0.014557018876075745,0.011620311066508293,0.018313424661755562,0.02197773940861225,0.00923132337629795,0.010131072252988815,0.008382145315408707,0.008748413063585758,0.009075678884983063,0.008487273938953876,0.008334713988006115,0.008863350376486778,0.00865357555449009,0.009061896242201328,0.008675252087414265,0.009081955999135971,]

Training Accuracy:[4.755352300781092,4.755352300781092,4.306123274920069,8.025415840382047,10.44153952001295,14.067748593629851,17.305435266502084,27.605325994576877,22.097211542352987,46.03990448824315,40.15540896029787,36.14877170261848,51.333522198389254,43.92326682585293,84.46719818689546,88.81379254522643,76.99623618924278,82.94143834230442,97.64053583714436,95.93670322554534,99.38888664049537,99.03274110647942,99.2512849568983,99.17438989841759,99.86239831640293,98.07357642964102,99.88263385810838,99.98785867497674,99.97167024161237,99.99595289165892,]
Validation Accuracy:[4.333576110706482,4.333576110706482,4.916241806263656,8.52148579752367,10.269482884195194,13.109978150036417,18.135469774217043,27.458120903131828,22.83321194464676,44.75600873998543,39.73051711580481,36.63510560815732,51.63874726875455,46.1034231609614,84.08594319009468,88.3102694828842,76.91187181354698,82.52002913328478,97.523670793882,95.08375819373634,99.5265841223598,98.5797523670794,98.94391842680263,99.12600145666424,99.8543335761107,97.70575382374362,99.92716678805536,99.96358339402768,99.89075018208302,99.96358339402768,]
Hyper - Parameters:
Batch-Size: 128
Learning Rate: 0.01
Finished Training at epoch 48!
Elapsed Time: (701.9524369239807,) seconds.
Accuracy of the network: 84.1606246514222 %
Training Loss:[623.7418823242188,621.7688598632812,619.4281616210938,616.8436889648438,614.5962524414062,612.3766479492188,608.9995727539062,601.4112548828125,577.4405517578125,532.5020751953125,490.6878967285156,448.34588623046875,411.0375671386719,380.2410888671875,352.98870849609375,325.97418212890625,303.22076416015625,277.7477111816406,254.61534118652344,232.43902587890625,210.677978515625,192.64190673828125,167.8072509765625,156.02464294433594,135.5594940185547,119.35186767578125,117.34873962402344,87.57424926757812,81.08039093017578,69.77745056152344,61.4040412902832,50.513587951660156,46.96665954589844,37.765628814697266,30.631349563598633,28.433425903320312,24.653417587280273,22.26835060119629,18.693349838256836,13.881268501281738,12.554962158203125,10.665209770202637,8.667939186096191,9.316675186157227,7.095871925354004,5.764469146728516,5.308011054992676,4.6136088371276855,]
Validation Loss:[0.025523630902171135,0.0254779364913702,0.025439465418457985,0.02541506104171276,0.025378640741109848,0.025253528729081154,0.025139758363366127,0.024643735960125923,0.023695342242717743,0.023426314815878868,0.021758833900094032,0.02410598285496235,0.02349182404577732,0.026429131627082825,0.021537937223911285,0.026855936273932457,0.03001437336206436,0.018712447956204414,0.029335584491491318,0.01595737226307392,0.03577417507767677,0.011002345941960812,0.03302330896258354,0.01831316575407982,0.01617480255663395,0.06290343403816223,0.008075803518295288,0.017252402380108833,0.023728635162115097,0.021833544597029686,0.007321322802454233,0.021067766472697258,0.0098017742857337,0.007695811800658703,0.009485901333391666,0.006552227307111025,0.01631387695670128,0.006320951972156763,0.0056051453575491905,0.004691172856837511,0.004348387010395527,0.004185005556792021,0.00396699970588088,0.0040849000215530396,0.004132300149649382,0.004070871043950319,0.004199701827019453,0.004358413629233837,]

Training Accuracy:[4.694645675664738,4.512525800315674,7.252418147233802,6.876037071512404,5.920919503015096,7.968756323606783,7.564045489497754,10.190618802865353,9.271925209437857,9.365008701282934,14.241774252296734,18.38601319357319,20.097940021854384,17.908454409324538,25.905540491318952,22.76498441863289,20.41361447245943,35.53765834311385,25.642478449148083,43.22311708284431,24.20170787971994,62.244526285968675,31.607916143915173,43.049091424177426,51.75442146586264,23.331579586385526,75.4866647780161,56.05649763244162,51.46302966530414,53.49467805253147,81.53709174794609,53.765834311384516,82.71884738354446,86.2074547735643,82.26152414100126,85.73394309765672,69.60216925007083,90.02792504755352,95.57246347484723,95.99336274232061,98.14237727143956,98.05334088793558,99.59933627423206,99.2108138734874,99.90286939981384,99.87049253308511,99.94738759156583,99.83811566635639,]
Validation Accuracy:[4.806991988346686,4.588492352512746,6.773488710852148,6.154406409322651,5.571740713765477,7.356154406409322,7.356154406409322,10.88856518572469,9.541150764748725,9.359067734887109,15.367807720320465,16.351056081573198,19.155134741442097,18.64530225782957,25.34595775673707,22.359796067006556,20.320466132556447,34.59577567370721,26.40203932993445,43.99126001456664,24.43554260742899,63.000728332119444,31.609613983976693,42.78951201747997,51.16533139111435,24.107793153678077,74.65404224326292,55.82665695557174,51.27458120903132,52.621995630007284,80.88128186453022,53.86016023306628,82.44719592134012,85.54260742898762,81.39111434814275,85.21485797523671,70.06554989075018,89.32993445010925,94.3918426802622,95.84850691915514,97.88783685360525,97.77858703568828,99.59941733430445,99.16241806263656,99.78150036416606,99.78150036416606,99.8543335761107,99.89075018208302,]
